7.314418256282806396e-02 1.301945745944976807e-01 7.352311611175537109e-01 2.269136719405651093e-02 3.873874992132186890e-02
1.226191967725753784e-01 1.662581344135105610e-03 8.661174178123474121e-01 3.738825034815818071e-04 9.226948954164981842e-03
1.978721171617507935e-01 3.106063813902437687e-04 7.187546491622924805e-01 6.177042087074369192e-05 8.300082385540008545e-02
1.964727789163589478e-01 2.170119259972125292e-04 7.199206948280334473e-01 3.833718437817879021e-05 8.335115760564804077e-02
2.116624414920806885e-01 4.216422967147082090e-04 6.962136030197143555e-01 7.882454519858583808e-05 9.162347018718719482e-02
2.202857434749603271e-01 6.033428944647312164e-04 6.711896061897277832e-01 1.285298203583806753e-04 1.077928319573402405e-01
2.009355872869491577e-01 2.571527613326907158e-03 6.907042860984802246e-01 5.956928944215178490e-04 1.051928400993347168e-01
1.986704319715499878e-01 3.064519492909312248e-03 6.875228285789489746e-01 6.359792314469814301e-04 1.101061999797821045e-01
1.914223134517669678e-01 2.327042166143655777e-04 7.316095829010009766e-01 3.492649193503893912e-05 7.670047134160995483e-02
1.974575072526931763e-01 2.610616502352058887e-04 7.230044007301330566e-01 4.447546598385088146e-05 7.923249900341033936e-02
1.406719982624053955e-01 8.147784683387726545e-05 8.146426081657409668e-01 9.335856702819000930e-06 4.459460452198982239e-02
1.697809696197509766e-01 2.005346323130652308e-04 7.672056555747985840e-01 2.978169504785910249e-05 6.278304010629653931e-02
1.374661624431610107e-01 2.267549745738506317e-03 8.484693765640258789e-01 4.742456367239356041e-04 1.132263801991939545e-02
4.752620458602905273e-01 1.124932542443275452e-01 1.082991622388362885e-02 6.660124659538269043e-02 3.348135054111480713e-01
4.789654314517974854e-01 1.191327795386314392e-01 1.170101109892129898e-02 7.009696960449218750e-02 3.201037943363189697e-01
1.134136989712715149e-01 5.627251416444778442e-02 8.619102649390697479e-03 4.193894937634468079e-02 7.797557115554809570e-01
9.695740789175033569e-02 4.691297933459281921e-02 7.254830095916986465e-03 3.775235638022422791e-02 8.111224174499511719e-01
8.624295145273208618e-02 3.544011339545249939e-02 7.182501256465911865e-03 3.954960778355598450e-02 8.315848708152770996e-01
8.193048089742660522e-02 3.215204179286956787e-02 7.179675158113241196e-03 4.186891019344329834e-02 8.368688821792602539e-01
6.143881753087043762e-02 2.122504450380802155e-02 5.994428414851427078e-03 8.318147063255310059e-02 8.281602263450622559e-01
6.579812616109848022e-02 2.047483623027801514e-02 5.068912170827388763e-03 7.583584636449813843e-02 8.328223228454589844e-01
4.682881012558937073e-02 2.239223942160606384e-02 5.684386938810348511e-03 6.635323911905288696e-02 8.587413430213928223e-01
4.635572433471679688e-02 2.346923202276229858e-02 5.724105518311262131e-03 6.185247376561164856e-02 8.625984787940979004e-01
4.238228127360343933e-02 1.106819231063127518e-02 9.369274973869323730e-01 1.295496243983507156e-03 8.326532319188117981e-03
6.294655799865722656e-02 3.395785018801689148e-02 1.076412200927734375e-02 1.133053600788116455e-01 7.790261507034301758e-01
6.164619326591491699e-02 3.428107127547264099e-02 1.236274093389511108e-02 1.183562204241752625e-01 7.733536958694458008e-01
9.065734148025512695e-01 5.458306148648262024e-02 1.653953804634511471e-03 1.740187220275402069e-02 1.978773809969425201e-02
8.865300416946411133e-01 7.020393759012222290e-02 1.757564023137092590e-03 1.377744320780038834e-02 2.773102559149265289e-02
9.708769321441650391e-01 9.413894265890121460e-03 4.370168899185955524e-04 1.467693969607353210e-02 4.595293663442134857e-03
9.672971367835998535e-01 9.652062319219112396e-03 5.471311742439866066e-04 1.789980195462703705e-02 4.603816661983728409e-03
9.020836949348449707e-01 1.140412315726280212e-02 6.449326756410300732e-04 8.254820853471755981e-02 3.319058101624250412e-03
9.501422047615051270e-01 1.270370185375213623e-02 7.480948115698993206e-04 3.175266832113265991e-02 4.653293173760175705e-03
9.558984041213989258e-01 1.214494183659553528e-02 7.103894022293388844e-04 2.658503875136375427e-02 4.661271814256906509e-03
9.544939398765563965e-01 1.265775412321090698e-02 7.506286492571234703e-04 2.712204493582248688e-02 4.975712392479181290e-03
2.282125130295753479e-02 4.497778136283159256e-03 9.680066108703613281e-01 8.070798940025269985e-04 3.867272986099123955e-03
9.503136873245239258e-01 1.119281817227602005e-02 7.015942828729748726e-04 3.363201767206192017e-02 4.159991163760423660e-03
9.705508947372436523e-01 1.080466713756322861e-02 4.692308139055967331e-04 1.411396544426679611e-02 4.061208572238683701e-03
9.674701094627380371e-01 1.241668686270713806e-02 5.808164714835584164e-04 1.416102983057498932e-02 5.371287465095520020e-03
8.373520374298095703e-01 7.128435373306274414e-02 1.687970827333629131e-03 9.698661044239997864e-03 7.997698336839675903e-02
3.193405456840991974e-03 7.509385468438267708e-04 6.268097204156219959e-04 9.942919015884399414e-01 1.136926119215786457e-03
1.995995407924056053e-03 4.305480106268078089e-04 4.019978805445134640e-04 9.963843822479248047e-01 7.870409754104912281e-04
2.741059055551886559e-03 4.415061557665467262e-04 3.386310709174722433e-04 9.957179427146911621e-01 7.608695887029170990e-04
2.779707079753279686e-03 5.055553046986460686e-04 3.863315796479582787e-04 9.953233599662780762e-01 1.005085534416139126e-03
1.920592039823532104e-02 1.885891426354646683e-03 1.152155105955898762e-03 9.755631685256958008e-01 2.192917279899120331e-03
1.651408523321151733e-02 1.501555321738123894e-03 8.792237495072185993e-04 9.794546365737915039e-01 1.650496036745607853e-03
5.345228686928749084e-02 3.055708482861518860e-03 9.387574791908264160e-01 4.987452412024140358e-04 4.235730040818452835e-03
3.734986996278166771e-03 6.749041494913399220e-04 5.201005260460078716e-04 9.939735531806945801e-01 1.096385880373418331e-03
3.336306661367416382e-03 6.480546435341238976e-04 5.634537665173411369e-04 9.944887161254882812e-01 9.635261376388370991e-04
2.204065909609198570e-03 5.257515003904700279e-04 4.578497901093214750e-04 9.961509704589843750e-01 6.614563171751797199e-04
2.117050345987081528e-03 6.180961499921977520e-04 5.479183746501803398e-04 9.959194064140319824e-01 7.976040360517799854e-04
3.931005019694566727e-03 9.462679624557495117e-01 3.592618042603135109e-03 2.866746857762336731e-02 1.754101924598217010e-02
1.795637235045433044e-02 8.696041703224182129e-01 1.001893263310194016e-02 5.063091218471527100e-02 5.178962647914886475e-02
9.303428232669830322e-04 9.852574467658996582e-01 1.046685152687132359e-03 7.062676362693309784e-03 5.702770780771970749e-03
8.926644659368321300e-05 9.977120161056518555e-01 1.883315417217090726e-04 1.202968298457562923e-03 8.075161022134125233e-04
4.083668954990571365e-06 9.999401569366455078e-01 4.120748144487151876e-06 6.400241545634344220e-06 4.517850175034254789e-05
6.013603069732198492e-06 9.998939037322998047e-01 4.039356099383439869e-06 3.708668009494431317e-05 5.902316479478031397e-05
4.226640984416007996e-02 3.045165678486227989e-03 9.502962231636047363e-01 3.714543126989156008e-04 4.020667169243097305e-03
6.385400411090813577e-06 9.998283386230468750e-01 2.041697734966874123e-05 2.720858174143359065e-05 1.176637088065035641e-04
1.323430979027762078e-06 9.999629259109497070e-01 5.028121449868194759e-06 3.763673475987161510e-06 2.688287713681347668e-05
2.056784069282002747e-05 9.995467066764831543e-01 1.865782396635040641e-04 2.081266939057968557e-05 2.251580881420522928e-04
9.455575309402775019e-06 9.997757077217102051e-01 8.683401392772793770e-05 1.017345493892207742e-05 1.178378588519990444e-04
8.575480751460418105e-05 9.990105628967285156e-01 9.760620014276355505e-05 2.175361441913992167e-04 5.883942940272390842e-04
3.929349477402865887e-04 9.965565204620361328e-01 2.006624417845159769e-04 5.211553070694208145e-04 2.328658942133188248e-03
2.654702200288738823e-07 9.999910593032836914e-01 1.725555193843320012e-06 1.039666358337854035e-06 5.931995019636815414e-06
4.206720859656343237e-06 9.999113082885742188e-01 1.205892476718872786e-05 8.610008080722764134e-06 6.392855721060186625e-05
1.721314583846833557e-05 9.996930360794067383e-01 4.090541915502399206e-05 2.383567516517359763e-05 2.250802644994109869e-04
4.251705468050204217e-05 9.992924928665161133e-01 9.739994129631668329e-05 7.327760249609127641e-05 4.942482337355613708e-04
1.197918027173727751e-04 2.263806527480483055e-05 1.721569424262270331e-05 8.540552258491516113e-01 1.457851529121398926e-01
3.523935845350933960e-07 9.999909400939941406e-01 7.473067853425163776e-07 1.758768121362663805e-06 6.168874733702978119e-06
1.654677390661163372e-07 9.999952316284179688e-01 4.301417391161521664e-07 8.568670182285131887e-07 3.328993216200615279e-06
1.148010142060229555e-05 9.998748302459716797e-01 4.345125944382743910e-06 4.191352854832075536e-05 6.747970473952591419e-05
2.398696262389421463e-03 9.916062355041503906e-01 1.039669616147875786e-03 5.179062136448919773e-04 4.437516909092664719e-03
1.248532207682728767e-03 9.950219392776489258e-01 6.649811402894556522e-04 3.122168709523975849e-04 2.752398373559117317e-03
3.459164190644514747e-07 9.999912977218627930e-01 2.592394821476773359e-06 7.223012516988092102e-07 4.970190275344066322e-06
4.597181657572946278e-07 9.999896287918090820e-01 2.967661430375301279e-06 8.416764671892451588e-07 6.060695341147948056e-06
3.630550781963393092e-05 9.996054768562316895e-01 6.182539800647646189e-05 2.612420394143555313e-05 2.702233614400029182e-04
1.504661940998630598e-05 9.997916817665100098e-01 3.518754601827822626e-05 1.441828862880356610e-05 1.437818573322147131e-04
1.882146447896957397e-01 4.624766707420349121e-01 3.215259639546275139e-03 1.673921477049589157e-03 3.444195091724395752e-01
1.640562841203063726e-04 2.781244802463334054e-05 2.333604243176523596e-05 8.485842347145080566e-01 1.512005925178527832e-01
1.717407703399658203e-01 4.826685786247253418e-01 1.742934226058423519e-03 7.786388159729540348e-04 3.430690467357635498e-01
1.727972179651260376e-01 4.939467608928680420e-01 2.199566690251231194e-03 6.486559286713600159e-04 3.304077386856079102e-01
1.791774332523345947e-01 4.786682128906250000e-01 2.170704305171966553e-03 5.777990445494651794e-04 3.394058644771575928e-01
1.901576966047286987e-01 4.722599089145660400e-01 1.965377945452928543e-03 7.535669719800353050e-04 3.348634839057922363e-01
1.890609860420227051e-01 4.554120004177093506e-01 2.144354162737727165e-03 6.948929512873291969e-04 3.526877164840698242e-01
1.053938046097755432e-01 3.370980024337768555e-01 6.963253836147487164e-04 6.401151185855269432e-04 5.561717152595520020e-01
1.182177886366844177e-01 2.891383171081542969e-01 5.821174127049744129e-04 5.237141158431768417e-04 5.915380120277404785e-01
1.247312128543853760e-01 3.885026574134826660e-01 1.927950303070247173e-03 1.399332308210432529e-03 4.834388792514801025e-01
1.148045659065246582e-01 4.103367030620574951e-01 1.560975797474384308e-03 1.282821758650243282e-03 4.720149338245391846e-01
1.201462596654891968e-01 3.691281378269195557e-01 6.385187152773141861e-04 4.809337260667234659e-04 5.096061229705810547e-01
5.745316389948129654e-03 1.300440402701497078e-03 9.750670869834721088e-04 8.709999322891235352e-01 1.209792047739028931e-01
2.467881143093109131e-01 4.321273267269134521e-01 1.267267507500946522e-03 8.706024382263422012e-04 3.189467191696166992e-01
2.238999903202056885e-01 4.578139781951904297e-01 1.346136094070971012e-03 8.792601292952895164e-04 3.160605728626251221e-01
2.581021785736083984e-01 4.235846102237701416e-01 1.273256260901689529e-03 1.288330764509737492e-03 3.157516419887542725e-01
3.067004680633544922e-01 3.736854791641235352e-01 9.615289163775742054e-04 1.347007812000811100e-03 3.173055350780487061e-01
2.873581349849700928e-01 3.868682384490966797e-01 1.692129299044609070e-03 3.324287710711359978e-03 3.207571804523468018e-01
3.495148122310638428e-01 3.322859406471252441e-01 1.473387586884200573e-03 5.394132342189550400e-03 3.113317787647247314e-01
3.091014111333834080e-09 6.947804553902869884e-10 1.000000000000000000e+00 1.534953941728645077e-09 2.719683922514093410e-10
5.111777223731905906e-09 1.288499307250390302e-09 1.000000000000000000e+00 1.142808514487114735e-09 2.251521191709571212e-10
7.366226295602018581e-09 3.062674780451857259e-09 1.000000000000000000e+00 3.375786317150186733e-09 4.276403120506699906e-10
1.589344122976399376e-08 9.255756161508088553e-09 1.000000000000000000e+00 2.189175951627930772e-08 8.061623590904787306e-10
6.294708233326673508e-03 1.519862911663949490e-03 1.183940796181559563e-03 8.659051656723022461e-01 1.250962466001510620e-01
3.700553419250240950e-09 9.195834649311507292e-10 1.000000000000000000e+00 3.523288771845045630e-09 2.173219104673052016e-10
2.575753121902835119e-08 6.146125386408129998e-09 1.000000000000000000e+00 2.355713668578118813e-08 2.182316993781796555e-09
3.990795249819711898e-09 9.018366609048200644e-10 1.000000000000000000e+00 2.813149935221304077e-09 2.914463115288867812e-10
5.195614605213449977e-09 1.185489484356594403e-09 1.000000000000000000e+00 3.932177250476343033e-09 4.467618219816671399e-10
1.660422377369741298e-08 2.711757076667709043e-07 9.999997615814208984e-01 1.434185481485883429e-08 1.582760256191306780e-09
4.323926816596213030e-08 3.943031572362087900e-07 9.999995231628417969e-01 1.828558993111073505e-08 3.451656072073205905e-09
2.269207612926038564e-07 6.912800745340064168e-05 9.999305009841918945e-01 6.900262405906687491e-08 4.005267228990305739e-08
7.260202661285575232e-09 4.889440319288951287e-08 1.000000000000000000e+00 3.938392278968194660e-09 3.715800445114325612e-10
7.842547944392208592e-09 7.471403051795277861e-09 1.000000000000000000e+00 6.881915926015835794e-09 3.721588037741696553e-10
1.449810671516615912e-08 2.141055333026997687e-08 1.000000000000000000e+00 1.444610209233587739e-08 7.761428166830341979e-10
7.185710966587066650e-02 1.211032345890998840e-01 7.433459758758544922e-01 2.726358920335769653e-02 3.643009439110755920e-02
4.542587266769260168e-04 1.120919041568413377e-04 6.600688357139006257e-05 9.204387068748474121e-01 7.892886549234390259e-02
9.291095892649536836e-09 1.788502501653965737e-08 1.000000000000000000e+00 5.794402735403991755e-09 4.636081241127243402e-10
4.433851064078453419e-09 9.102183895492999000e-09 1.000000000000000000e+00 2.302665835784978299e-09 1.893867423996553612e-10
8.549307928262805945e-09 2.322759762307669007e-08 1.000000000000000000e+00 2.442070545782826230e-09 4.310815038266468946e-10
9.194103256504604360e-09 2.327065473650691274e-08 1.000000000000000000e+00 2.589342074088563095e-09 4.677489506832444022e-10
5.544243286692562833e-09 5.007010805968548084e-09 1.000000000000000000e+00 3.264692960414095069e-09 2.652161268379416015e-10
4.360616756571289443e-09 7.442714888838963816e-09 1.000000000000000000e+00 2.933370213398234227e-09 1.885764461251326907e-10
1.361856494241919791e-08 2.160129781714204000e-07 9.999997615814208984e-01 1.006202232645136974e-08 1.105625702102486230e-09
5.292776350529493357e-08 3.903603271737665636e-07 9.999995231628417969e-01 4.045353563242315431e-08 4.508819984039291739e-09
1.195831259792612400e-06 3.997786279796855524e-07 9.999964237213134766e-01 1.935152113219373859e-06 9.604702455590086174e-08
2.750327325884427410e-07 1.523008990034213639e-07 9.999990463256835938e-01 5.144676720192364883e-07 1.775703140083351173e-08
2.642827341333031654e-03 1.280968077480792999e-03 4.534858453553169966e-04 9.434360861778259277e-01 5.218667164444923401e-02
1.303106159866729286e-06 7.449088457178731915e-07 9.999928474426269531e-01 5.003846126783173531e-06 1.490957686200999888e-07
2.979558360038936371e-07 1.774754281314017135e-07 9.999989271163940430e-01 6.179348588375432882e-07 2.499590223692393920e-08
2.768662170637981035e-06 6.609308229599264450e-07 9.999880790710449219e-01 8.284179784823209047e-06 2.439320780922571430e-07
3.387280912647838704e-06 7.707716918048390653e-07 9.999845027923583984e-01 1.095075367629760876e-05 3.378983990387496306e-07
7.094548782333731651e-04 1.386097748763859272e-03 9.946211576461791992e-01 3.089522477239370346e-03 1.936949265655130148e-04
8.954220538726076484e-05 1.981339737540110946e-04 9.995293617248535156e-01 1.662270806264132261e-04 1.675425664870999753e-05
9.272371244151145220e-07 3.972625563619658351e-06 9.999918937683105469e-01 3.039200464627356268e-06 1.964915270491474075e-07
4.115087506306736032e-07 1.499222207712591626e-06 9.999965429306030273e-01 1.421982346982986201e-06 6.939708185882409452e-08
4.452839448276790790e-07 1.665384957050264347e-06 9.999961853027343750e-01 1.506057174083252903e-06 6.113391748385765823e-08
5.644551492878235877e-07 1.978749196496210061e-06 9.999957084655761719e-01 1.681009052845183760e-06 7.922184863673464861e-08
3.226579865440726280e-03 5.033299094066023827e-04 3.634105669334530830e-04 8.935092687606811523e-01 1.023974344134330750e-01
9.508019616077945102e-08 2.904666018821444595e-07 9.999996423721313477e-01 2.653716535405692412e-08 8.929687211889358878e-09
1.109099088125731214e-07 1.451894888759852620e-07 9.999997615814208984e-01 2.148061817308644095e-08 8.624120084732567193e-09
2.184713821407058276e-06 3.497344280845027242e-08 9.999976158142089844e-01 2.566287449212723004e-08 9.315015603306164849e-08
4.742767487186938524e-06 1.237768287865037564e-07 9.999947547912597656e-01 2.526311675410397584e-07 1.646338887439924292e-07
4.972659439772542100e-07 6.084248127535829553e-08 9.999992847442626953e-01 9.477163587234826991e-08 1.869349119942853577e-08
1.339409664069535211e-06 4.999083671464177314e-07 9.999976158142089844e-01 4.976660079591965768e-07 8.851146304778012563e-08
2.811212880260427482e-06 3.393985252841957845e-06 9.999924898147583008e-01 1.005670355880283751e-06 3.680994495880440809e-07
4.682902363128960133e-04 6.846434473991394043e-01 3.135019540786743164e-01 3.970126563217490911e-04 9.893473470583558083e-04
9.368317550979554653e-04 7.000882029533386230e-01 2.963689267635345459e-01 8.034944185055792332e-04 1.802529906854033470e-03
3.037206130102276802e-03 4.881735444068908691e-01 5.041201114654541016e-01 1.765907276421785355e-03 2.903248416259884834e-03
1.988989999517798424e-03 3.454855177551507950e-04 2.232520491816103458e-04 9.151942133903503418e-01 8.224808424711227417e-02
8.169267093762755394e-04 5.678095817565917969e-01 4.298374652862548828e-01 4.881908243987709284e-04 1.047855825163424015e-03
9.166609379462897778e-05 3.883724212646484375e-01 6.114028692245483398e-01 2.463949567754752934e-05 1.084539180737920105e-04
1.462525833630934358e-04 3.561185002326965332e-01 6.435252428054809570e-01 4.107648055651225150e-05 1.689877535682171583e-04
5.562932983593782410e-06 5.881406068801879883e-01 4.118395149707794189e-01 2.446669213895802386e-06 1.190377042803447694e-05
1.466782123316079378e-05 6.304724216461181641e-01 3.694725930690765381e-01 6.980652869970072061e-06 3.332058986416086555e-05
1.029692043630348053e-06 7.777855992317199707e-01 2.222090363502502441e-01 7.099330900928180199e-07 3.570638000383041799e-06
1.162145508715184405e-06 6.967320442199707031e-01 3.032625913619995117e-01 7.538534987361344974e-07 3.417514790271525271e-06
9.169579016088391654e-07 7.436844110488891602e-01 2.563118636608123779e-01 5.187536089579225518e-07 2.174372639274224639e-06
3.742570413578505395e-07 7.363064885139465332e-01 2.636921703815460205e-01 1.370368352127115941e-07 7.957248726597754285e-07
4.692606580647407100e-06 6.800400614738464355e-01 3.199434876441955566e-01 1.722071147014503367e-06 1.012519987853011116e-05
8.212968823499977589e-04 1.050604390911757946e-03 1.019572227960452437e-04 9.762713909149169922e-01 2.175476402044296265e-02
1.382770619784423616e-06 8.283750414848327637e-01 1.716176718473434448e-01 1.094353137887082994e-06 4.873158559348667040e-06
2.802563017212378327e-07 8.718116283416748047e-01 1.281870603561401367e-01 1.347544582586124307e-07 8.994874747259018477e-07
7.415453069370414596e-07 9.445489048957824707e-01 5.544391646981239319e-02 1.318420913776208181e-06 5.056405370851280168e-06
1.614219399925787002e-05 9.168021678924560547e-01 8.308078348636627197e-02 2.549536293372511864e-05 7.546263805124908686e-05
6.433936761141012539e-08 9.751496911048889160e-01 2.484951913356781006e-02 1.753688678718390292e-07 5.090524837214616127e-07
8.742456714116997318e-08 9.922800064086914062e-01 7.718165405094623566e-03 6.751914725100505166e-07 1.112232553168723825e-06
9.829697944496729178e-08 9.818003177642822266e-01 1.819829642772674561e-02 4.459394347122724866e-07 8.149374366439587902e-07
1.587769133948313538e-06 7.953749299049377441e-01 2.046169191598892212e-01 1.780548586793884169e-06 4.729194188257679343e-06
1.339524374088796321e-06 7.454304695129394531e-01 2.545636594295501709e-01 1.131499516304756980e-06 3.350620545461424626e-06
1.579297759235487320e-06 5.938220620155334473e-01 4.061731100082397461e-01 7.130839776436914690e-07 2.626457217047573067e-06
1.550090237287804484e-04 2.153457535314373672e-05 2.429549749649595469e-05 8.515360951423645020e-01 1.482630968093872070e-01
1.875569978437852114e-06 5.355207324028015137e-01 4.644738137722015381e-01 8.024693443076102994e-07 2.753926764853531495e-06
3.241615195292979479e-05 4.107583165168762207e-01 5.891702175140380859e-01 9.024537575896829367e-06 3.005739199579693377e-05
3.181263673468492925e-05 4.524373412132263184e-01 5.474873185157775879e-01 9.765754839463625103e-06 3.379136614967137575e-05
9.667967333371052518e-07 9.524964690208435059e-01 4.749833047389984131e-02 6.986825269450491760e-07 3.540927991707576439e-06
2.481586761859944090e-06 8.934668302536010742e-01 1.065236553549766541e-01 1.013345126921194606e-06 5.948516900389222428e-06
1.900363713502883911e-05 9.028545022010803223e-01 9.705035388469696045e-02 4.263846858520992100e-05 3.347906385897658765e-05
4.168237410340225324e-06 9.636151194572448730e-01 3.635591641068458557e-02 6.939192189747700468e-06 1.794552190403919667e-05
2.121429133694618940e-05 7.057479023933410645e-01 2.941943109035491943e-01 1.243923907168209553e-05 2.416084498690906912e-05
5.269053872325457633e-06 8.168318867683410645e-01 1.831506788730621338e-01 3.305752670712536201e-06 8.830469596432521939e-06
1.565098614264570642e-06 8.410727977752685547e-01 1.589214205741882324e-01 1.119366402235755231e-06 3.024082616320811212e-06
1.736962731229141355e-04 2.404762199148535728e-05 2.727992250584065914e-05 8.456848859786987305e-01 1.540901362895965576e-01
3.595235059037804604e-03 6.476190090179443359e-01 3.349783420562744141e-01 5.277176853269338608e-03 8.530315943062305450e-03
2.365001710131764412e-03 6.660931110382080078e-01 3.220877647399902344e-01 3.503064392134547234e-03 5.951019469648599625e-03
7.773434370756149292e-02 6.126264224803890102e-07 3.725110886421134637e-08 9.222638010978698730e-01 1.181214202006231062e-06
6.823324412107467651e-02 4.417271668444300303e-07 2.232342311003776558e-08 9.317653775215148926e-01 8.986671673483215272e-07
5.594494938850402832e-02 7.547292852905229665e-07 3.387688352063378261e-08 9.440526366233825684e-01 1.665546847107179929e-06
5.557405948638916016e-02 7.467227760571404360e-07 3.123498260038104490e-08 9.444234371185302734e-01 1.724135699987527914e-06
6.284565478563308716e-02 7.343305696849711239e-07 3.207249577030779619e-08 9.371520280838012695e-01 1.518460408078681212e-06
5.522473901510238647e-02 4.003294122867373517e-07 1.514220038245639444e-08 9.447740316390991211e-01 7.921278211142634973e-07
4.255012422800064087e-02 8.378999154956545681e-06 2.038361088807505439e-07 9.574344754219055176e-01 6.879492502775974572e-06
4.014277085661888123e-02 6.266313448577420786e-06 1.550000234828985413e-07 9.598448276519775391e-01 5.998560482112225145e-06
5.705676448997110128e-05 9.745625902723986655e-06 1.008775689115282148e-05 8.303556442260742188e-01 1.695674508810043335e-01
8.469545841217041016e-02 5.803057320008520037e-06 4.376103959202737315e-07 9.152860045433044434e-01 1.230206089530838653e-05
5.673938989639282227e-02 1.904911641759099439e-06 1.154629956090502674e-07 9.432525634765625000e-01 6.087821930123027414e-06
5.786959081888198853e-02 3.315568335438001668e-07 9.211370333161994495e-09 9.421291947364807129e-01 9.379647281093639322e-07
5.521866306662559509e-02 3.444983747158403276e-07 9.192239858180073497e-09 9.447799921035766602e-01 1.022641185954853427e-06
6.131302937865257263e-02 3.353565318775508786e-07 1.641134517171849438e-08 9.386858344078063965e-01 8.111408078548265621e-07
6.282989680767059326e-02 3.285304615019413177e-07 1.461098442234742834e-08 9.371690750122070312e-01 6.305303372755588498e-07
5.565176159143447876e-02 8.904343644644541200e-07 2.277386634830236289e-08 9.443464875221252441e-01 8.453521331830415875e-07
4.225026071071624756e-02 4.177375956260220846e-07 9.769459019537407585e-09 9.577488303184509277e-01 4.683898566781863337e-07
5.016604065895080566e-02 1.996310174945392646e-07 8.900349790508244041e-09 9.498331546783447266e-01 5.457704332911816891e-07
4.477326944470405579e-02 1.985729340958641842e-07 8.972317111499705788e-09 9.552259445190429688e-01 5.886569169888389297e-07
9.436853724764660001e-05 2.185470475524198264e-05 1.885062738438136876e-05 8.449780941009521484e-01 1.548867672681808472e-01
5.208341777324676514e-02 4.051054531828413019e-07 1.591794962507719902e-08 9.479154348373413086e-01 6.590207135559467133e-07
4.712952300906181335e-02 3.756150590561446734e-07 1.297231388974751098e-08 9.528695344924926758e-01 5.472948600981908385e-07
3.523867204785346985e-02 9.383111887473205570e-07 3.047515662046862417e-08 9.647591710090637207e-01 1.143613189924508333e-06
3.282249718904495239e-02 6.426819254556903616e-07 1.782825087559558597e-08 9.671761393547058105e-01 7.286931236194504891e-07
6.314644962549209595e-02 5.781265372206689790e-06 5.725779033127764706e-07 9.368349909782409668e-01 1.214293115481268615e-05
4.907538741827011108e-02 5.242752649792237207e-07 2.918469732549056062e-08 9.509230852127075195e-01 1.012424945656675845e-06
4.129301756620407104e-02 4.016044954369135667e-07 2.079454120007540041e-08 9.587057232856750488e-01 8.085661420409451239e-07
5.506723746657371521e-02 7.464087161679344717e-07 5.224617893873073626e-08 9.449305534362792969e-01 1.376338786940323189e-06
5.899850279092788696e-02 9.854979907686356455e-07 7.659830458806027309e-08 9.409986734390258789e-01 1.802874521672492847e-06
8.228567242622375488e-02 4.445805643626954406e-06 5.176942750040325336e-07 9.177021384239196777e-01 7.206873760878806934e-06
6.113675044616684318e-05 1.226148106070468202e-05 1.102457736124051735e-05 8.457027077674865723e-01 1.542129069566726685e-01
8.940041810274124146e-02 4.766187430504942313e-06 5.927519168835715391e-07 9.105864167213439941e-01 7.762758286844473332e-06
9.357073158025741577e-02 6.055641733837546781e-06 7.509746637879288755e-07 9.064162969589233398e-01 6.110982212703675032e-06
1.077148094773292542e-01 1.186083136417437345e-05 1.694234356364177074e-06 8.922601342201232910e-01 1.147934744949452579e-05
1.140149310231208801e-01 3.821999052888713777e-05 6.686379492748528719e-06 8.858729004859924316e-01 6.722200487274676561e-05
7.973492890596389771e-02 4.768000508192926645e-06 5.392585080699063838e-07 9.202530384063720703e-01 6.745262453478062525e-06
2.395507395267486572e-01 1.438589394092559814e-02 7.033127546310424805e-01 6.712455768138170242e-03 3.603822737932205200e-02
5.608503852272406220e-05 1.190962211694568396e-05 1.004214300337480381e-05 8.580197095870971680e-01 1.419022679328918457e-01
3.021924021595623344e-05 6.046505404810886830e-06 4.705418632511282340e-06 8.719978332519531250e-01 1.279612183570861816e-01
3.000055403390433639e-05 5.238512585492571816e-06 4.360970706329680979e-06 8.640897870063781738e-01 1.358706653118133545e-01
6.297628715401515365e-05 9.649210369389038533e-06 8.962228093878366053e-06 8.693024516105651855e-01 1.306159943342208862e-01
6.634300370933488011e-05 1.086728843802120537e-05 1.011959739116718993e-05 8.644693493843078613e-01 1.354434192180633545e-01
3.098741944995708764e-05 5.148960553924553096e-06 4.671574970416259021e-06 8.750751018524169922e-01 1.248840838670730591e-01
3.146843300783075392e-05 5.780017545475857332e-06 4.752445875055855140e-06 8.873410224914550781e-01 1.126169860363006592e-01
1.078443965525366366e-04 2.336838406336028129e-05 2.074622898362576962e-05 8.605686426162719727e-01 1.392793953418731689e-01
8.623005851404741406e-05 1.616048211872112006e-05 1.526947562524583191e-05 8.535755276679992676e-01 1.463068872690200806e-01
3.161121640005148947e-05 4.522700237430399284e-06 4.363789230410475284e-06 8.775728940963745117e-01 1.223866418004035950e-01
1.974629163742065430e-01 2.813904313370585442e-03 7.855930328369140625e-01 7.229264592751860619e-04 1.340718381106853485e-02
3.091172766289673746e-05 4.414591330714756623e-06 4.106760115973884240e-06 8.820590972900390625e-01 1.179014518857002258e-01
3.945204662159085274e-05 4.470154635782819241e-06 4.797624114871723577e-06 8.650516271591186523e-01 1.348996609449386597e-01
3.053238469874486327e-05 4.410355359141249210e-06 4.086009539605583996e-06 8.690571188926696777e-01 1.309038251638412476e-01
5.146337571204639971e-05 8.269923455372918397e-06 7.211883257696172222e-06 8.652606010437011719e-01 1.346725225448608398e-01
2.525339950807392597e-04 5.185390546103008091e-05 4.008977703051641583e-05 8.397943377494812012e-01 1.598612368106842041e-01
4.296640690881758928e-05 4.464628091227496043e-06 5.191669515625108033e-06 8.621754646301269531e-01 1.377718895673751831e-01
4.137070573051460087e-05 4.236844688421115279e-06 5.052202141087036580e-06 8.663973212242126465e-01 1.335520595312118530e-01
1.104186958400532603e-04 1.598704329808242619e-05 1.685892493696883321e-05 8.259370326995849609e-01 1.739196777343750000e-01
1.155006684712134302e-04 1.621290721232071519e-05 1.704777423583436757e-05 8.282501697540283203e-01 1.716010123491287231e-01
8.797941700322553515e-05 9.469355973124038428e-06 1.000825432129204273e-05 8.658669590950012207e-01 1.340256184339523315e-01
1.233196184039115906e-01 2.427523024380207062e-03 8.644180297851562500e-01 6.018548738211393356e-04 9.232935495674610138e-03
8.430527668679133058e-05 9.017398042487911880e-06 9.842725376074668020e-06 8.581627011299133301e-01 1.417342126369476318e-01
1.511280715931206942e-04 2.047415546257980168e-05 2.080020567518658936e-05 8.132373094558715820e-01 1.865702420473098755e-01
8.814901229925453663e-05 1.132780653279041871e-05 1.234865248989081010e-05 8.129168748855590820e-01 1.869712769985198975e-01
1.287858412979403511e-05 1.033821254968643188e-01 5.572729605773929507e-06 8.965396881103515625e-01 5.974804662400856614e-05
2.048319038294721395e-05 1.912118047475814819e-01 1.291941225645132363e-05 8.086455464363098145e-01 1.093179453164339066e-04
1.867713035608176142e-05 1.296226084232330322e-01 7.854037903598509729e-06 8.702824115753173828e-01 6.840976857347413898e-05
2.564574242569506168e-05 1.156704351305961609e-01 1.031880128721240908e-05 8.842134475708007812e-01 8.024936687434092164e-05
4.341747626313008368e-05 1.382799893617630005e-01 1.955065090442076325e-05 8.614610433578491211e-01 1.959901128429919481e-04
4.017281025880947709e-05 1.233497783541679382e-01 1.620018338144291192e-05 8.764463067054748535e-01 1.475013268645852804e-04
7.716668915236368775e-05 1.042433455586433411e-01 2.911194860644172877e-05 8.954225778579711914e-01 2.277377207065001130e-04
1.231012791395187378e-01 1.717525185085833073e-03 8.666634559631347656e-01 4.136493080295622349e-04 8.104071952402591705e-03
7.215300138341262937e-05 1.067276895046234131e-01 2.600904008431825787e-05 8.929749131202697754e-01 1.992426841752603650e-04
4.900948988506570458e-05 7.407540827989578247e-02 1.719224019325338304e-05 9.255049824714660645e-01 3.533512644935399294e-04
1.185299988719634712e-04 9.848237037658691406e-02 4.293298115953803062e-05 9.009122252464294434e-01 4.440060292836278677e-04
8.870717283571138978e-05 1.575162410736083984e-01 5.386954217101447284e-05 8.416668176651000977e-01 6.743316771462559700e-04
4.359726517577655613e-05 1.643558740615844727e-01 2.747920188994612545e-05 8.351725935935974121e-01 4.004387883469462395e-04
3.251822781749069691e-04 3.255554437637329102e-01 2.529124030843377113e-04 6.722321510314941406e-01 1.634390326216816902e-03
5.604187390417791903e-05 3.454533815383911133e-01 4.575073035084642470e-05 6.542000770568847656e-01 2.448013692628592253e-04
1.088344433810561895e-04 7.770561426877975464e-02 4.215217268210835755e-05 9.217169880867004395e-01 4.263969894964247942e-04
1.876909082056954503e-04 3.370600566267967224e-02 4.798084773938171566e-05 9.653921127319335938e-01 6.662723026238381863e-04
8.757478208281099796e-04 1.196368709206581116e-01 4.150559252593666315e-04 8.766031861305236816e-01 2.469139406457543373e-03
1.402385234832763672e-01 2.768464619293808937e-03 8.458238840103149414e-01 1.065789139829576015e-03 1.010340359061956406e-02
9.424197487533092499e-04 1.312852948904037476e-01 4.966127453371882439e-04 8.638078570365905762e-01 3.467803588137030602e-03
4.172091939835809171e-05 3.846479952335357666e-01 3.807099710684269667e-05 6.150665283203125000e-01 2.056679950328543782e-04
7.362249016296118498e-05 7.237103581428527832e-02 2.242857226519845426e-05 9.273160099983215332e-01 2.169029903598129749e-04
6.812881474616006017e-05 8.154540508985519409e-02 2.206570570706389844e-05 9.181637763977050781e-01 2.006553841056302190e-04
4.271930956747382879e-04 2.742587029933929443e-01 4.640576662495732307e-04 7.230262756347656250e-01 1.823727507144212723e-03
1.662908034631982446e-04 1.275575459003448486e-01 1.009427505778148770e-04 8.713186383247375488e-01 8.565674070268869400e-04
6.360439583659172058e-04 8.003650605678558350e-02 2.652152907103300095e-04 9.171497821807861328e-01 1.912424108013510704e-03
2.509858495614025742e-05 7.676108926534652710e-02 1.024403081828495488e-05 9.230442047119140625e-01 1.593394845258444548e-04
3.337125599500723183e-05 4.979884997010231018e-02 1.178536604129476473e-05 9.499191641807556152e-01 2.368255809415131807e-04
2.798896093736402690e-05 1.329544186592102051e-01 1.201177838083822280e-05 8.668844699859619141e-01 1.211075214087031782e-04
1.217302680015563965e-01 1.587655860930681229e-03 8.682906627655029297e-01 3.670833248179405928e-04 8.024411275982856750e-03
3.781948180403560400e-05 1.097373813390731812e-01 1.457851067243609577e-05 8.900595307350158691e-01 1.506806729594245553e-04
1.492589071858674288e-04 3.606868162751197815e-02 3.114243736490607262e-05 9.633710384368896484e-01 3.798505349550396204e-04
3.999442196800373495e-05 6.360626220703125000e-02 1.145606893260264769e-05 9.362142682075500488e-01 1.279792195418849587e-04
9.807065874338150024e-02 5.749775664298795164e-05 8.749095201492309570e-01 5.952414085186319426e-06 2.695642225444316864e-02
9.971398115158081055e-02 4.618439561454579234e-05 8.738728761672973633e-01 4.450275810086168349e-06 2.636248245835304260e-02
1.151247322559356689e-01 6.895385013194754720e-05 8.518481850624084473e-01 6.449367447203258052e-06 3.295172005891799927e-02
1.115271002054214478e-01 5.593826426775194705e-05 8.565663099288940430e-01 5.139396762388059869e-06 3.184556216001510620e-02
2.411276549100875854e-01 1.688137766905128956e-03 6.460379958152770996e-01 4.199677496217191219e-04 1.107262298464775085e-01
2.314886450767517090e-01 1.217035111039876938e-03 6.628350019454956055e-01 2.686317602638155222e-04 1.041906252503395081e-01
1.287045627832412720e-01 7.874607399571686983e-05 8.316363692283630371e-01 7.673716936551500112e-06 3.957268968224525452e-02
1.591929793357849121e-01 1.707084011286497116e-03 8.281184434890747070e-01 4.972978495061397552e-04 1.048434339463710785e-02
1.446750313043594360e-01 1.293384848395362496e-04 8.068919181823730469e-01 1.642160350456833839e-05 4.828725010156631470e-02
1.332833468914031982e-01 1.897068286780267954e-04 8.212298154830932617e-01 2.439427953504491597e-05 4.527277871966362000e-02
1.420680135488510132e-01 1.565929851494729519e-04 8.113802671432495117e-01 1.783862171578221023e-05 4.637733101844787598e-02
1.770201027393341064e-01 1.615887449588626623e-04 7.569917440414428711e-01 2.288854011567309499e-05 6.580358743667602539e-02
1.677439957857131958e-01 1.160110332421027124e-04 7.682559490203857422e-01 1.687923759163822979e-05 6.386724114418029785e-02
1.273758560419082642e-01 5.578527634497731924e-05 8.343639969825744629e-01 5.247510671324562281e-06 3.819911181926727295e-02
1.293099820613861084e-01 7.789498340571299195e-05 8.305238485336303711e-01 7.581902536912821233e-06 4.008069634437561035e-02
1.410368084907531738e-01 1.046509423758834600e-04 8.136106133460998535e-01 1.066405729943653569e-05 4.523720219731330872e-02
2.393749207258224487e-01 3.934114356525242329e-04 6.382529139518737793e-01 9.288526052841916680e-05 1.218858212232589722e-01
2.300135940313339233e-01 3.849885251838713884e-04 6.577784419059753418e-01 8.762448123889043927e-05 1.117353364825248718e-01
